7963069038719
7963069042353
7963069047502
7963069062513
7963069066878
7963072162200
7963073333713
7963078791835
7963078794705
7963078801337
7963079311028
7963079311466
7963079315845
7963079320713
7963079328096
7963079333890
7963081428953
7963081546055
7963082880518
7963083973953
7963084026103
7963084069021
7963084142942
7963084151406
7963086037577
7963086041610
7963086049382
7963086051633
7963086057430
7963086060869
7963086067101
7963086072706
7963086077982
7963086080287
7963086085921
7963086093385
7963086096705
7963086103669
7963086107559
7963086160947
7963086207083
7963086203070
7963086821284
7963086828731
7963086833433
7963086840032
7963086931609
7963086983903
7963087532918
7963087532931
7963087532934
7963087532933
7963089413088
7963089803785
7963089813129
7963089807933
7963089814369
7963089819276
7963090611288
7963091085849
7963091159777
7963091165506
7963091172520
7963091176338
7963091181087
7963091563094
7963091563101
7963091563100
7963092373009
7963092709692
7963093238017
7963094381075
7963094381089
7963094381090
7963094381097
7963094381100
7963094381098
7963094381119
7963095330899
7963096081936
7963096129586
7963096582819
7963096587469
7963096657186
7963096688564
7963096755806
7963096760231
7963096770159
7963096775566
7963096785259
7963096787259
7963096788311
7963096791034
7963096794705
7963096801341
7963096803771
7963096813814
7963096819564
7963096825301
7963096829523
7963096833490
7963096839225
7963096844315
7963096959156
7963096969210
7963097025261
7963097030191
7963097123191
7963097129264
7963097131607
7963097137693
7963097141887
7963097148312
7963097153262
7963097158927
7963097162298
7963097166723
7963097172550
7963097177225
7963097184541
7963097186226
7963097341538
7963097353287
7963097358268
7963097469008
7963097470286
7963097471707
7963097475180
7963097480904
7963097485424
7963097487531
7963097489969
7963097490175
7963097495926
7963097498409
7963097502515
7963097513399
7963097517912
7963097640068
7963097693735
7963097697718
7963097734908
7963097738975
7963097742975
7963097748027
7963097753781
7963097758431
7963097782329
7963097809254
7963097816143
7963097824592
7963097828528
7963097840196
7963097844039
7963097854490
7963097860619
7963097850783
7963097850782
7963097850781
7963097883146
7963097850828
7963097945711
7963097948566
7963097958621
7963097960375
7963097964772
7963097967901
7963097983950
7963098014075
7963098017402
7963098021430
7963098027753
7963098037892
7963098202183
7963098256284
7963098263653
7963098340961
7963098347740
7963098350479
7963098354821
7963098363038
7963098365239
7963098371393
7963098453973
7963098454967
7963098494690
7963098578799
7963098583224
7963098593017
7963098597340
7963098608368
7963098612527
7963098617080
7963098620722
7963098633533
7963098638201
7963098644475
7963098649706
7963098652863
7963098659672
7963098661809
7963098668672
7963098671968
7963098677043
7963098679117
7963098737831
7963098788089
7963098804950
7963098810005
7963098939083
7963098946310
7963098952512
7963098952500
7963098957328
7963098957343
7963098962862
7963098966858
7963098967507
7963098967525
7963098973778
7963098972632
7963098976916
7963098982331
7963098982945
7963098986354
7963098987703
7963098992738
7963098996879
7963099001609
7963099011275
7963099015719
7963099025890
7963099029573
7963099035064
7963099039027
7963099046594
7963099126981
7963099180212
7963099246636
7963099250049
7963099255854
7963099262959
7963099265017
7963099272348
7963099269924
7963099273506
7963099319143
7963099321707
7963099327036
7963099331014
7963099334757
7963099340439
7963099346158
7963099351793
7963099359159
7963099396408
7963099401009
7963099410427
7963099414108
7963099420751
7963099583362
7963099589899
7963099706030
7963099712106
7963099722383
7963099724290
7963099735142
7963099739709
7963099749291
7963099755948
7963099837968
7963099839375
7963099847094
7963099853291
7963099885713
7963099887268
7963100063719
7963100062558
7963100072186
7963100073156
7963100075089
7963100086333
7963100090490
7963100094807
7963100100126
7963100101519
7963100101521
7963100102541
7963100105391
7963100207828
7963100212059
7963100212071
7963100216231
7963100221911
7963100226421
7963100232123
7963100237087
7963100240784
7963100288996
7963100292251
7963100388868
7963100481006
7963100543661
7963100545201
7963100547028
7963100622849
7963100625855
7963100630103
7963100633637
7963100640637
7963100646032
7963100652283
7963100656046
7963100665953
7963100668900
7963100677386
7963100684753
7963100694874
7963100697122
7963100706658
7963100712972
7963100857948
7963100864902
7963100968400
7963100971030
7963100973638
7963100984078
7963100984091
7963100990602
7963100997357
7963101001974
7963101011797
7963101017109
7963101093980
7963101112040
7963101117915
7963101120816
7963101128274
7963101129636
7963101153996
7963101160448
7963101169507
7963101232081
7963101236094
7963101534820
7963101538000
7963101546275
7963101551891
7963101560021
7963101568669
7963101578282
7963101586067
7963101797393
7963101804560
7963101961055
7963101967419
7963101975275
7963101979619
7963101988925
7963101996420
7963102006494
7963102009395
7963102019786
7963102022537
7963102032281
7963102038862
7963102228823
7963102231782
7963102275165
7963102378887
7963102382087
7963102392138
7963102397329
7963102404856
7963102413197
7963102422836
7963102427583
7963102436648
7963102447233
7963102619884
7963102626552
7963102776839
7963102780604
7963102790776
7963102794194
7963102801792
7963102808850
7963102817099
7963102825035
7963102835703
7963102842250
7963102866075
7963102869473
7963102871570
7963102872935
7963102890562
7963102898170
7963103159620
7963103163595
7963103169015
7963103171378
7963103309121
7963103319113
7963103397027
7963103494445
7963103597896
7963103886213
7963103967983
7963104010838
7963104029925
7963105004754
7963105179845
7963105189500
7963105221240
7963105329390
7963105330179
7963105341588
7963105346161
7963105356131
7963105359061
7963105367491
7963105373400
7963105383159
7963105392052
7963105398840
7963105407326
7963105412990
7963105539415
7963105541275
7963105544319
7963105546804
7963105559778
7963105567607
7963105605440
7963105615835
7963105787632
7963105794960
7963105873589
7963105881029
7963105886519
7963105896920
7963105897134
7963105902489
7963105902422
7963105907297
7963105912821
7963105917263
7963105927579
7963105931191
7963105940638
7963105945716
7963105954574
7963105961524
7963105965154
7963105976679
7963105980427
7963106204592
7963106207408
7963106214213
7963106324963
7963106337220
7963106341833
7963106353750
7963106356690
7963106359281
7963106364897
7963106368197
7963106370485
7963106370487
7963106371085
7963106382138
7963106386137
7963106395548
7963106543660
7963106657442
7963106667942
7963106670164
7963106674936
7963106681093
7963106685343
7963106689037
7963106695632
7963106699402
7963106805876
7963106816343
7963106821061
7963106830750
7963106834408
7963106844983
7963106849919
7963106858546
7963106867421
7963106873325
7963107222064
7963107498631
7963107606113
7963107611204
7963107786066
7963107788755
7963107943021
7963107946310
7963107953452
7963107960730
7963107969667
7963107974291
7963107982065
7963107989814
7963107997495
7963108001889
7963108252692
7963108257683
7963108418024
7963108425181
7963108433715
7963108437914
7963108445236
7963108449856
7963108456832
7963108460678
7963108470436
7963108472929
7963108478958
7963108702551
7963108707857
7963108745569
7963108751401
7963108865406
7963108869141
7963108880604
7963108887220
7963108893354
7963108897739
7963108907267
7963108914001
7963108920123
7963108928848
7963108936706
7963108943218
7963108951534
7963108955234
7963109124634
7963109127968
7963109291669
7963109296632
7963109304762
7963109311226
7963109317614
7963109322785
7963109333143
7963109339276
7963109349692
7963109352082
7963109361020
7963109367012
7963109649467
7963109653776
7963109813094
7963109819800
7963109829480
7963109836764
7963109847112
7963109849025
7963109856270
7963109862050
7963109873673
7963109877056
7963110049405
7963110054952
7963110140561
7963110146248
7963110181499
7963110186662
7963110331896
7963110339080
7963110466341
7963110472275
7963110962798
7963111147059
7963111150372
7963111162434
7963111161732
7963111165834
7963111170705
7963111215078
